I
1000 Generated by WorldEditor 2.3.1r1

1     49 0 0 SCAZ Azopardo Airport
100 22.00 4 0 0.25 0 0 0 11 -54.48006078 -068.94517735    0    0 0 0 0 0 29 -54.48188009 -068.93650983    0    0 0 0 0 0
110 4 0.25 0.0000 Blastpad
112 -54.48230100 -068.93640593 -54.48228954 -068.93630074
112 -54.48165929 -068.93599173 -54.48152560 -068.93598516
112 -54.48151414 -068.93662947 -54.48154088 -068.93666892
111 -54.48170894 -068.93679384
114 -54.48215585 -068.93701737 -54.48218259 -068.93699765
110 4 0.25 0.0000 Apron
111 -54.48323115 -068.93950349
111 -54.48331957 -068.93910779
112 -54.48289958 -068.93874632 -54.48284388 -068.93870523
111 -54.48269622 -068.93888711
112 -54.48248623 -068.93982310 -54.48246235 -068.93983680
112 -54.48244644 -068.93980027 -54.48243848 -068.93977288
112 -54.48248844 -068.93949208 -54.48247517 -068.93946012
112 -54.48206284 -068.93927786 -54.48203897 -068.93928699
112 -54.48200937 -068.93957373 -54.48198549 -068.93957829
112 -54.48197499 -068.93953428 -54.48193520 -068.93948405
111 -54.48137149 -068.93921818
111 -54.48124152 -068.93984369
112 -54.48139537 -068.93971128 -54.48145372 -068.93970671
112 -54.48190466 -068.93993957 -54.48192588 -068.93996696
112 -54.48185691 -068.94017698 -54.48188609 -068.94024091
112 -54.48225480 -068.94037788 -54.48227602 -068.94042810
112 -54.48227867 -068.94051028 -54.48232111 -068.94049202
112 -54.48240069 -068.93999435 -54.48243252 -068.93998066
112 -54.48275348 -068.94020439 -54.48280918 -068.94018156
114 -54.48307974 -068.93954234 -54.48313810 -068.93951495
110 4 0.25 0.0000 Apron 2
111 -54.48002382 -068.94508420
112 -54.47968387 -068.94521240 -54.47966859 -068.94527814
112 -54.47964886 -068.94544250 -54.47967560 -068.94549509
112 -54.48017725 -068.94580957 -54.48020017 -068.94584901
112 -54.47967114 -068.94835164 -54.47969024 -068.94839109
112 -54.47983029 -068.94837356 -54.47987613 -068.94836041
112 -54.48036823 -068.94550276 -54.48034913 -068.94540414
113 -54.48012632 -068.94514116
130 Boundary
111 -54.47953276 -068.94526877
111 -54.47996179 -068.94603562
111 -54.47953276 -068.94844025
111 -54.47989578 -068.94877160
111 -54.48158989 -068.94049725
111 -54.48233794 -068.94099903
111 -54.48316299 -068.93984400
111 -54.48337751 -068.93883098
111 -54.48246995 -068.93674820
111 -54.48231594 -068.93634111
111 -54.48169440 -068.93591509
113 -54.48143588 -068.93615177
14 -54.48193565 -068.94262764  32.81 0 Tower
1300 -54.48196602 -068.94002691 106.14 tie_down turboprops|props|helos Parking 6
1300 -54.48211185 -068.94009957 105.42 tie_down turboprops|props|helos Parking 5
1300 -54.48225641 -068.94017443 106.78 tie_down turboprops|props|helos Parking 4
1300 -54.48237793 -068.93970543 -73.95 tie_down turboprops|props|helos Parking 3
1300 -54.48221931 -068.93961956 286.15 tie_down turboprops|props|helos Parking 2
1300 -54.48208457 -068.93955864 284.47 tie_down turboprops|props|helos Parking 1
99
